17527
1628360101
19424
10180133
404725841
4351185
3812
64973452
7295939
1102
646489442
418990165
22116504
26889432
47940
1998900
5545
3254
258874
97526660
47114
2484
7536502
97873
562
230541606
7125997
16076993
3465428
782374787
1971256
11953192
397879
109880115
37093
3583
138785
41823092
5721
34516
249
1863
14255
9490678
75564
873
3971546
28926
3578934
423415
698789
365117
737826
53495516
5619
78868161
2818
582687817
2092
966222241
15111342
6583151
1878
7154
15019
184420
624476
2812
681039
168133991
94153977
29662
83637
66228
2837
909
45231
6576
435683335
323240238
39362915
126297
554
4898
463905739
10956584
3778613
11625
4984022
13071
20591824
4577
30210
2970
201519
420956
12872
21108452
128277818
170580
581895
190301
269973
10174
2770155
3666
12332
437380033
9129
493840
100839
83542
2386654
425035977
62060
2617231
44637
744724
2014264
87139
96749406
263830098
7478856
36027782
81477
136049440
550931
1779
27129
9463
17146
36778
467339569
101389
2879999
104367
3158
524
13992406
832609447
35715465
440781401
100962
157903
2300
17854824
331776636
365476
36668
6738096
3218139
39438
15057089
36099
12528104
1803592697
21884
85525
34891
19235232
8181292
333594267
15490339
1476
1882882711
1303
37941
46030
1540138057
720771279
271
511908
167486
17881
3645021
243311
1375835
206860116
17666
178367
21785530
113312
4422363
5640
8521866
4971597
2698
318323
24789914
226290
43723
85489
157137
97990
30121424
29495
2999110
571797
14768
6165
23678337
3554
7432961
443581
235512
993564
286309
23330
1576318
647357354
4336
5288619
21387
238398
289252
411509663
7571761
2258412
867
4373
98651
61429
14351
15779254
2758
461149
89712381
786207
150486396
234847
1906
119324
1102985
379220
592
